338.578	-57.74
338.961	-57.74
339.343	-57.74
339.725	-39.58
340.108	-49.96
340.49	-114.84
340.872	-96.67
341.254	-8.43
341.636	17.52
342.018	-8.43
342.4	-18.82
342.782	-99.27
343.164	-44.77
343.546	-57.74
343.928	27.9
344.309	48.66
344.691	4.54
345.073	25.3
345.455	103.16
345.836	113.54
346.218	108.35
346.599	217.35
346.981	108.35
347.362	199.18
347.744	282.23
348.125	274.45
348.506	292.61
348.888	300.4
349.269	277.04
349.65	209.57
350.031	243.3
350.413	339.33
350.794	323.76
351.175	238.11
351.556	349.71
351.937	399.02
352.318	383.45
352.698	344.52
353.079	354.9
353.46	404.21
353.841	336.73
354.222	401.61
354.602	354.9
354.983	354.9
355.363	370.47
355.744	357.49
356.124	331.54
356.505	261.47
356.885	375.66
357.266	310.78
357.646	414.59
358.026	448.33
358.407	360.09
358.787	354.9
359.167	396.42
359.547	401.61
359.927	334.14
360.307	305.59
360.687	406.8
361.067	360.09
361.447	399.02
361.827	313.38
362.207	388.64
362.587	287.42
362.966	331.54
363.346	326.35
363.726	375.66
364.105	388.64
364.485	341.92
364.865	360.09
365.244	357.49
365.624	365.28
366.003	435.35
366.382	396.42
366.762	367.88
367.141	310.78
367.52	302.99
367.899	354.9
368.279	406.8
368.658	388.64
369.037	339.33
369.416	277.04
369.795	302.99
370.174	354.9
370.553	393.83
370.932	373.07
371.311	352.3
371.689	396.42
372.068	318.57
372.447	297.8
372.825	297.8
373.204	370.47
373.583	323.76
373.961	373.07
374.34	264.07
374.718	378.26
375.097	336.73
375.475	375.66
375.853	386.04
376.232	367.88
376.61	414.59
376.988	315.97
377.366	297.8
377.744	339.33
378.122	430.16
378.5	380.85
378.878	336.73
379.256	352.3
379.634	393.83
380.012	269.26
380.39	336.73
380.768	326.35
381.145	370.47
381.523	344.52
381.901	380.85
382.278	347.11
382.656	404.21
383.033	367.88
383.411	349.71
383.788	378.26
384.166	409.4
384.543	448.33
384.921	321.16
385.298	347.11
385.675	362.68
386.052	347.11
386.429	354.9
386.806	375.66
387.184	310.78
387.561	391.23
387.938	326.35
388.314	360.09
388.691	370.47
389.068	339.33
389.445	367.88
389.822	347.11
390.198	331.54
390.575	383.45
390.952	404.21
391.328	393.83
391.705	383.45
392.081	370.47
392.458	396.42
392.834	380.85
393.211	339.33
393.587	386.04
393.963	393.83
394.34	401.61
394.716	399.02
395.092	362.68
395.468	411.99
395.844	339.33
396.22	367.88
396.596	378.26
396.972	271.85
397.348	373.07
397.724	373.07
398.1	383.45
398.476	336.73
398.851	360.09
399.227	401.61
399.603	437.95
399.978	417.18
400.354	326.35
400.729	393.83
401.105	347.11
401.48	354.9
401.856	334.14
402.231	430.16
402.606	427.57
402.982	378.26
403.357	552.14
403.732	572.9
404.107	767.54
404.482	1367.04
404.857	2833.35
405.232	3391.33
405.607	2872.28
405.982	1283.99
406.357	632.59
406.732	474.28
407.107	388.64
407.482	440.54
407.856	554.73
408.231	536.57
408.606	528.78
408.98	497.64
409.355	471.68
409.729	461.3
410.104	393.83
410.478	448.33
410.852	437.95
411.227	440.54
411.601	409.4
411.975	448.33
412.35	443.14
412.724	515.8
413.098	424.97
413.472	440.54
413.846	469.09
414.22	450.92
414.594	533.97
414.968	531.38
415.342	570.3
415.715	484.66
416.089	487.26
416.463	487.26
416.837	495.04
417.21	484.66
417.584	559.92
417.957	546.95
418.331	458.71
418.704	523.59
419.078	627.4
419.451	515.8
419.824	565.11
420.198	552.14
420.571	580.68
420.944	570.3
421.317	570.3
421.69	591.07
422.064	557.33
422.437	650.76
422.81	593.66
423.182	593.66
423.555	505.42
423.928	632.59
424.301	528.78
424.674	666.33
425.047	635.18
425.419	741.59
425.792	718.23
426.164	707.85
426.537	702.66
426.91	661.14
427.282	746.78
427.654	744.19
428.027	822.04
428.399	814.26
428.771	814.26
429.144	806.47
429.516	829.83
429.888	842.8
430.26	886.92
430.632	928.45
431.004	912.88
431.376	972.57
431.748	977.76
432.12	995.92
432.492	985.54
432.864	1065.99
433.236	1078.97
433.607	1190.57
433.979	1403.38
434.351	1787.47
434.722	2480.4
435.094	3983.04
435.465	7826.59
435.837	22393.68
436.208	34430.4
436.58	36174.4
436.951	21352.99
437.322	7958.95
437.693	2903.42
438.065	1769.3
438.436	1546.11
438.807	1439.71
439.178	1535.73
439.549	1411.16
439.92	1416.35
440.291	1465.66
440.662	1457.88
441.033	1429.33
441.403	1455.28
441.774	1499.4
442.145	1512.38
442.516	1442.3
442.886	1447.5
443.257	1605.8
443.627	1452.69
443.998	1483.83
444.368	1486.42
444.739	1426.73
445.109	1525.35
445.479	1548.71
445.85	1496.8
446.22	1585.04
446.59	1551.3
446.96	1652.52
447.33	1533.14
447.7	1517.57
448.07	1629.16
448.44	1483.83
448.81	1668.09
449.18	1618.78
449.55	1600.61
449.92	1579.85
450.29	1507.19
450.659	1504.59
451.029	1600.61
451.399	1600.61
451.768	1559.09
452.138	1533.14
452.507	1533.14
452.877	1522.76
453.246	1600.61
453.615	1527.95
453.985	1540.92
454.354	1520.16
454.723	1592.83
455.092	1517.57
455.462	1527.95
455.831	1457.88
456.2	1546.11
456.569	1457.88
456.938	1564.28
457.307	1694.04
457.675	1556.5
458.044	1356.66
458.413	1483.83
458.782	1411.16
459.15	1403.38
459.519	1434.52
459.888	1369.64
460.256	1470.85
460.625	1398.19
460.993	1418.95
461.362	1408.57
461.73	1502
462.098	1317.73
462.467	1322.92
462.835	1312.54
463.203	1354.07
463.571	1333.3
463.939	1247.66
464.307	1286.59
464.675	1343.69
465.043	1328.11
465.411	1421.54
465.779	1211.33
466.147	1382.61
466.515	1286.59
466.883	1278.8
467.25	1367.04
467.618	1307.35
467.986	1382.61
468.353	1315.14
468.721	1335.9
469.088	1291.78
469.456	1185.38
469.823	1206.14
470.19	1208.73
470.558	1203.54
470.925	1182.78
471.292	1159.42
471.659	1123.09
472.027	1239.88
472.394	1211.33
472.761	1278.8
473.128	1234.69
473.495	1174.99
473.862	1255.45
474.228	1245.07
474.595	1174.99
474.962	1107.52
475.329	1200.95
475.695	1164.61
476.062	1185.38
476.429	1216.52
476.795	1177.59
477.162	1198.35
477.528	1107.52
477.895	1149.04
478.261	1195.76
478.627	1130.88
478.994	1203.54
479.36	1255.45
479.726	1286.59
480.092	1367.04
480.458	1351.47
480.824	1444.9
481.19	1481.23
481.556	1751.14
481.922	1847.16
482.288	1995.09
482.654	2431.09
483.02	2880.07
483.385	3575.59
483.751	3957.09
484.117	4605.9
484.482	5415.62
484.848	6212.36
485.213	7177.78
485.579	8332.67
485.944	9373.36
486.31	10157.12
486.675	11039.5
487.04	11714.26
487.406	11978.98
487.771	12355.29
488.136	12171.03
488.501	11916.69
488.866	11802.5
489.231	11857
489.596	11530
489.961	11605.26
490.326	11478.1
490.691	10730.67
491.056	10242.76
491.42	10053.31
491.785	9760.05
492.15	9321.45
492.514	9093.07
492.879	9025.6
493.243	8532.5
493.608	8597.38
493.972	8322.29
494.337	7964.14
494.701	7535.93
495.065	7107.71
495.43	6806.67
495.794	6471.88
496.158	6323.95
496.522	6334.33
496.886	6300.59
497.25	6378.45
497.614	6108.55
497.978	6033.28
498.342	5789.33
498.706	5659.57
499.07	5143.12
499.433	4733.07
499.797	4190.66
500.161	3772.83
500.524	3370.57
500.888	3056.54
501.251	2815.19
501.615	2511.54
501.978	2314.31
502.342	2075.54
502.705	1909.45
503.068	1787.47
503.432	1668.09
503.795	1543.52
504.158	1564.28
504.521	1460.47
504.884	1367.04
505.247	1291.78
505.61	1281.4
505.973	1286.59
506.336	1193.16
506.699	1136.07
507.062	1136.07
507.424	1032.26
507.787	1034.85
508.15	1050.42
508.512	1063.4
508.875	1047.83
509.238	1094.54
509.6	1063.4
509.962	1097.14
510.325	1120.49
510.687	1102.33
511.049	1172.4
511.412	1053.02
511.774	1073.78
512.136	1086.76
512.498	1206.14
512.86	1185.38
513.222	1213.92
513.584	1172.4
513.946	1229.49
514.308	1149.04
514.67	1216.52
515.032	1232.09
515.393	1149.04
515.755	1099.73
516.117	1125.69
516.478	1102.33
516.84	1156.83
517.201	1032.26
517.563	1060.8
517.924	1156.83
518.286	1086.76
518.647	1084.16
519.008	1011.49
519.37	1097.14
519.731	1073.78
520.092	918.07
520.453	1032.26
520.814	1063.4
521.175	1042.64
521.536	1037.45
521.897	886.92
522.258	886.92
522.619	892.11
522.979	902.49
523.34	925.85
523.701	944.02
524.061	985.54
524.422	910.28
524.783	879.14
525.143	936.23
525.504	998.52
525.864	956.99
526.224	912.88
526.585	928.45
526.945	884.33
527.305	946.61
527.665	1102.33
528.025	1091.95
528.385	1016.69
528.746	1071.19
529.106	1008.9
529.465	1034.85
529.825	1008.9
530.185	977.76
530.545	1071.19
530.905	1014.09
531.264	1042.64
531.624	1112.71
531.984	1102.33
532.343	1252.85
532.703	1457.88
533.062	1919.83
533.422	2540.09
533.781	3090.28
534.141	3352.4
534.5	2963.12
534.859	2649.09
535.218	2397.35
535.577	2350.64
535.937	2348.04
536.296	2573.83
536.655	2784.04
537.014	3178.52
537.373	3741.69
537.731	4600.71
538.09	5950.24
538.449	7439.9
538.808	9277.33
539.166	10551.6
539.525	11815.48
539.884	13793.05
540.242	16141.74
540.601	19032.84
540.959	22733.65
541.318	27989.01
541.676	37111.28
542.034	51553.79
542.393	62993.61
542.751	62993.61
543.109	62993.61
543.467	62993.61
543.825	62993.61
544.183	62993.61
544.541	62993.61
544.899	62993.61
545.257	62993.61
545.615	62993.61
545.973	62993.61
546.331	62993.61
546.688	62993.61
547.046	62993.61
547.404	50790.79
547.761	38484.16
548.119	29343.73
548.476	24742.37
548.834	23610.84
549.191	24031.27
549.548	25378.2
549.906	24934.42
550.263	24249.27
550.62	21981.03
550.977	20566.63
551.334	19017.27
551.691	18557.91
552.048	17940.25
552.405	17859.79
552.762	17929.86
553.119	16886.58
553.476	15752.46
553.833	14151.19
554.189	11880.36
554.546	9869.05
554.903	8080.93
555.259	6482.26
555.616	5280.66
555.972	4245.16
556.329	3912.97
556.685	3284.93
557.042	3015.02
557.398	2926.78
557.754	2675.04
558.11	2483
558.467	2314.31
558.823	2200.11
559.179	2109.28
559.535	1950.97
559.891	1932.8
560.247	1720
560.603	1709.61
560.958	1636.95
561.314	1611
561.67	1642.14
562.026	1649.92
562.381	1712.21
562.737	1675.88
563.092	1652.52
563.448	1444.9
563.803	1574.66
564.159	1543.52
564.514	1504.59
564.869	1367.04
565.225	1320.33
565.58	1286.59
565.935	1271.02
566.29	1247.66
566.645	1219.11
567	1216.52
567.355	1237.28
567.71	1245.07
568.065	1169.8
568.42	1229.49
568.775	1232.09
569.13	1283.99
569.484	1283.99
569.839	1250.26
570.193	1213.92
570.548	1177.59
570.903	1130.88
571.257	1130.88
571.611	1141.26
571.966	1232.09
572.32	1234.69
572.674	1393
573.029	1460.47
573.383	1569.47
573.737	1577.26
574.091	1621.38
574.445	1751.14
574.799	1790.07
575.153	1932.8
575.507	2031.42
575.861	2145.61
576.215	2402.54
576.568	3378.35
576.922	5275.47
577.276	6456.31
577.629	6944.21
577.983	5682.93
578.336	5096.4
578.69	5249.52
579.043	6323.95
579.397	7315.33
579.75	9087.88
580.103	10486.72
580.456	12695.27
580.81	13715.19
581.163	13826.79
581.516	12664.12
581.869	12464.29
582.222	12838
582.575	13201.34
582.928	14203.1
583.281	15801.77
583.633	17024.13
583.986	18347.7
584.339	18882.32
584.691	18049.25
585.044	17312.2
585.397	16440.2
585.749	15243.79
586.102	14607.96
586.454	14133.03
586.806	15710.93
587.159	20237.03
587.511	24643.75
587.863	28020.16
588.215	27970.85
588.567	24825.42
588.92	21529.46
589.272	18417.77
589.624	15848.48
589.975	14164.17
590.327	12814.65
590.679	12402
591.031	11592.29
591.383	11703.88
591.734	11236.74
592.086	11522.22
592.438	12305.98
592.789	14231.65
593.141	16634.84
593.492	18051.84
593.844	18360.67
594.195	16328.6
594.546	13808.62
594.898	11112.17
595.249	8893.24
595.6	7613.79
595.951	6801.48
596.302	6173.43
596.653	5906.12
597.004	5631.02
597.355	5563.55
597.706	5353.33
598.057	5579.12
598.408	6126.71
598.758	6964.98
599.109	8306.71
599.46	9715.93
599.81	11039.5
600.161	11452.15
600.511	11073.24
600.862	10138.95
601.212	8862.1
601.562	7613.79
601.913	6422.57
602.263	5490.88
602.613	4847.26
602.963	4229.59
603.313	3938.93
603.663	3897.4
604.013	3915.57
604.363	4076.47
604.713	4177.69
605.063	4395.69
605.413	4541.02
605.763	4486.52
606.112	4795.35
606.462	5028.93
606.812	5381.88
607.161	5978.78
607.511	6578.28
607.86	7642.33
608.21	8444.26
608.559	9383.74
608.908	11145.91
609.258	13608.79
609.607	17099.39
609.956	22676.56
610.305	32676.02
610.654	52672.34
611.003	62993.61
611.352	62993.61
611.701	62993.61
612.05	62993.61
612.399	62993.61
612.748	62993.61
613.097	62993.61
613.445	62993.61
613.794	62993.61
614.143	56889.61
614.491	51930.1
614.84	47878.93
615.188	43775.86
615.537	39587.14
615.885	34658.78
616.233	29133.52
616.581	24090.96
616.93	20571.82
617.278	17813.08
617.626	16058.7
617.974	14257.6
618.322	13152.03
618.67	12300.79
619.018	11981.57
619.366	12246.29
619.714	12326.74
620.061	13004.1
620.409	13414.15
620.757	14120.05
621.104	14091.5
621.452	13857.93
621.799	13473.84
622.147	13123.48
622.494	12630.38
622.842	12321.55
623.189	11794.72
623.536	11353.53
623.884	10979.81
624.231	10639.84
624.578	10652.81
624.925	10574.95
625.272	10229.79
625.619	9705.55
625.966	9552.43
626.313	8877.67
626.66	8516.93
627.007	8319.69
627.353	8093.9
627.7	8042
628.047	8280.76
628.393	8029.02
628.74	8148.4
629.086	8189.93
629.433	8449.45
629.779	8828.36
630.125	9337.02
630.472	11265.29
630.818	14078.53
631.164	16839.86
631.51	18762.94
631.857	17999.94
632.203	15557.81
632.549	12448.72
632.895	9422.67
633.24	7120.69
633.586	5332.57
633.932	4053.12
634.278	3318.66
634.624	2952.73
634.969	2633.52
635.315	2521.92
635.66	2345.45
636.006	2200.11
636.351	2153.4
636.697	2070.35
637.042	1979.52
637.388	1927.61
637.733	1948.38
638.078	1836.78
638.423	1769.3
638.768	1810.83
639.113	1738.16
639.458	1753.73
639.803	1668.09
640.148	1623.97
640.493	1572.07
640.838	1551.3
641.183	1636.95
641.527	1514.97
641.872	1499.4
642.217	1546.11
642.561	1629.16
642.906	1686.26
643.25	1647.33
643.595	1655.11
643.939	1668.09
644.284	1782.28
644.628	1655.11
644.972	1784.88
645.316	1857.54
645.66	1831.59
646.004	1909.45
646.348	1888.69
646.692	1709.61
647.036	1782.28
647.38	1701.83
647.724	1725.19
648.068	1688.85
648.412	1847.16
648.755	1774.5
649.099	1875.71
649.443	1849.76
649.786	2174.16
650.13	2970.9
650.473	3925.95
650.816	4520.26
651.16	5270.28
651.503	4764.21
651.846	4206.24
652.189	3541.85
652.533	3025.4
652.876	2734.73
653.219	2669.85
653.562	2659.47
653.905	2462.23
654.247	2314.31
654.59	2059.97
654.933	1912.04
655.276	1699.23
655.619	1455.28
655.961	1361.85
656.304	1286.59
656.646	1258.04
656.989	1276.21
657.331	1273.61
657.674	1418.95
658.016	1559.09
658.358	1642.14
658.701	1595.42
659.043	1525.35
659.385	1447.5
659.727	1221.71
660.069	1055.61
660.411	1115.3
660.753	1123.09
661.095	1042.64
661.437	1187.97
661.778	1276.21
662.12	1592.83
662.462	2399.95
662.804	2838.54
663.145	3046.16
663.487	3074.71
663.828	2672.45
664.17	2379.19
664.511	1992.5
664.852	1790.07
665.194	1636.95
665.535	1483.83
665.876	1491.61
666.217	1372.23
666.558	1307.35
666.899	1322.92
667.24	1403.38
667.581	1405.97
667.922	1465.66
668.263	1460.47
668.604	1504.59
668.944	1517.57
669.285	1390.4
669.626	1434.52
669.966	1312.54
670.307	1273.61
670.647	1278.8
670.988	1247.66
671.328	1237.28
671.669	1198.35
672.009	1151.64
672.349	1123.09
672.689	1107.52
673.029	1123.09
673.369	1110.11
673.71	1097.14
674.049	1154.23
674.389	1047.83
674.729	1081.57
675.069	1055.61
675.409	1001.11
675.749	972.57
676.088	1014.09
676.428	988.14
676.768	1011.49
677.107	975.16
677.447	1073.78
677.786	1084.16
678.125	1143.85
678.465	1094.54
678.804	1086.76
679.143	1177.59
679.482	1307.35
679.821	1081.57
680.161	1182.78
680.5	1089.35
680.839	1099.73
681.177	1081.57
681.516	1050.42
681.855	1081.57
682.194	1034.85
682.533	1076.38
682.871	1086.76
683.21	1055.61
683.549	988.14
683.887	1063.4
684.225	902.49
684.564	990.73
684.902	949.21
685.241	873.95
685.579	840.21
685.917	894.71
686.255	881.73
686.593	1021.88
686.931	1273.61
687.269	1543.52
687.607	1896.47
687.945	2192.33
688.283	2272.78
688.621	2241.64
688.959	1982.11
689.296	1732.97
689.634	1491.61
689.972	1242.47
690.309	1014.09
690.647	842.8
690.984	858.38
691.322	871.35
691.659	793.49
691.996	751.97
692.333	749.38
692.671	788.3
693.008	827.23
693.345	1063.4
693.682	1421.54
694.019	1688.85
694.356	1751.14
694.693	1561.69
695.03	1400.78
695.366	1190.57
695.703	949.21
696.04	876.54
696.376	757.16
696.713	624.8
697.05	617.02
697.386	585.88
697.722	554.73
698.059	546.95
698.395	562.52
698.731	523.59
699.068	533.97
699.404	570.3
699.74	611.83
700.076	578.09
700.412	528.78
700.748	565.11
701.084	520.99
701.42	593.66
701.756	570.3
702.091	609.23
702.427	648.16
702.763	604.04
703.098	666.33
703.434	796.09
703.769	793.49
704.105	959.59
704.44	977.76
704.776	1097.14
705.111	1167.21
705.446	1286.59
705.781	1520.16
706.117	1829
706.452	2293.54
706.787	2999.45
707.122	3682
707.457	4245.16
707.792	4424.24
708.126	4159.52
708.461	3889.62
708.796	3985.64
709.131	4647.43
709.465	5228.76
709.8	5111.97
710.134	4452.78
710.469	3547.04
710.803	2698.4
711.138	2371.4
711.472	2059.97
711.806	2342.85
712.14	2791.83
712.475	3489.95
712.809	4120.59
713.143	4037.54
713.477	3606.73
713.811	3126.62
714.145	2384.38
714.479	1834.19
714.812	1413.76
715.146	975.16
715.48	842.8
715.814	720.83
716.147	642.97
716.481	604.04
716.814	520.99
717.148	526.18
717.481	575.49
717.814	552.14
718.148	495.04
718.481	463.9
718.814	487.26
719.147	544.35
719.48	484.66
719.813	627.4
720.146	471.68
720.479	479.47
720.812	430.16
721.145	466.49
721.478	492.45
721.81	445.73
722.143	510.61
722.476	513.21
722.808	370.47
723.141	399.02
723.473	469.09
723.806	531.38
724.138	513.21
724.47	461.3
724.803	461.3
725.135	541.76
725.467	510.61
725.799	424.97
726.131	497.64
726.463	466.49
726.795	510.61
727.127	505.42
727.459	469.09
727.791	474.28
728.122	417.18
728.454	422.38
728.786	450.92
729.117	505.42
729.449	466.49
729.78	417.18
730.112	430.16
730.443	461.3
730.774	450.92
731.106	443.14
731.437	437.95
731.768	409.4
732.099	430.16
732.43	440.54
732.761	419.78
733.092	422.38
733.423	456.11
733.754	383.45
734.085	456.11
734.416	419.78
734.746	487.26
735.077	422.38
735.407	411.99
735.738	422.38
736.068	476.88
736.399	360.09
736.729	388.64
737.06	336.73
737.39	456.11
737.72	422.38
738.05	471.68
738.38	456.11
738.71	471.68
739.041	386.04
739.37	393.83
739.7	409.4
740.03	406.8
740.36	466.49
740.69	422.38
741.02	453.52
741.349	419.78
741.679	443.14
742.008	489.85
742.338	471.68
742.667	497.64
742.997	544.35
743.326	513.21
743.655	552.14
743.984	476.88
744.314	546.95
744.643	492.45
744.972	383.45
745.301	417.18
745.63	375.66
745.959	424.97
746.288	440.54
746.616	417.18
746.945	437.95
747.274	489.85
747.603	469.09
747.931	424.97
748.26	443.14
748.588	411.99
748.917	417.18
749.245	380.85
749.573	479.47
749.902	513.21
750.23	399.02
750.558	469.09
750.886	424.97
751.214	453.52
751.542	487.26
751.87	430.16
752.198	448.33
752.526	380.85
752.854	482.07
753.182	417.18
753.509	471.68
753.837	469.09
754.165	435.35
754.492	388.64
754.82	437.95
755.147	404.21
755.474	380.85
755.802	370.47
756.129	466.49
756.456	354.9
756.783	411.99
757.111	388.64
757.438	362.68
757.765	448.33
758.092	453.52
758.418	518.4
758.745	674.11
759.072	744.19
759.399	889.52
759.726	969.97
760.052	1496.8
760.379	1870.52
760.705	2345.45
761.032	2080.73
761.358	1670.69
761.685	1309.95
762.011	1040.04
762.337	790.9
762.663	601.45
762.99	443.14
763.316	396.42
763.642	443.14
763.968	386.04
764.294	422.38
764.62	393.83
764.946	360.09
765.271	373.07
765.597	365.28
765.923	404.21
766.248	427.57
766.574	378.26
766.9	380.85
767.225	339.33
767.55	339.33
767.876	401.61
768.201	399.02
768.526	736.4
768.852	528.78
769.177	513.21
769.502	591.07
769.827	653.35
770.152	681.9
770.477	510.61
770.802	482.07
771.127	526.18
771.451	484.66
771.776	399.02
772.101	411.99
772.425	378.26
772.75	404.21
773.075	367.88
773.399	435.35
773.723	409.4
774.048	502.83
774.372	411.99
774.696	383.45
775.02	375.66
775.345	456.11
775.669	450.92
775.993	471.68
776.317	437.95
776.641	396.42
776.965	417.18
777.288	331.54
777.612	362.68
777.936	401.61
778.26	437.95
778.583	401.61
778.907	437.95
779.23	386.04
779.554	476.88
779.877	380.85
780.2	383.45
780.524	328.95
780.847	370.47
781.17	386.04
781.493	399.02
781.816	360.09
782.139	388.64
782.462	367.88
782.785	463.9
783.108	399.02
783.431	383.45
783.754	409.4
784.076	326.35
784.399	341.92
784.722	393.83
785.044	401.61
785.367	445.73
785.689	450.92
786.011	578.09
786.334	510.61
786.656	471.68
786.978	432.76
787.3	497.64
787.622	450.92
787.944	417.18
788.266	352.3
788.588	414.59
788.91	386.04
789.232	399.02
789.554	354.9
789.876	313.38
790.197	354.9
790.519	360.09
790.841	331.54
791.162	375.66
791.483	448.33
791.805	411.99
792.126	404.21
792.448	365.28
792.769	339.33
793.09	344.52
793.411	290.02
793.732	417.18
794.053	365.28
794.374	445.73
794.695	386.04
795.016	287.42
795.337	344.52
795.658	349.71
795.978	365.28
796.299	349.71
796.619	383.45
796.94	344.52
797.261	347.11
797.581	391.23
797.901	393.83
798.222	396.42
798.542	349.71
798.862	461.3
799.182	373.07
799.502	344.52
799.822	344.52
800.142	393.83
800.462	341.92
800.782	443.14
801.102	365.28
801.422	354.9
801.742	365.28
802.061	380.85
802.381	373.07
802.701	391.23
803.02	391.23
803.339	391.23
803.659	388.64
803.978	396.42
804.298	414.59
804.617	450.92
804.936	352.3
805.255	399.02
805.574	458.71
805.893	443.14
806.212	570.3
806.531	557.33
806.85	533.97
807.169	510.61
807.487	445.73
807.806	401.61
808.125	373.07
808.443	476.88
808.762	411.99
809.08	401.61
809.399	352.3
809.717	422.38
810.035	510.61
810.354	741.59
810.672	912.88
810.99	1605.8
811.308	2163.78
811.626	2732.14
811.944	2957.92
812.262	2405.14
812.58	1790.07
812.898	1395.59
813.216	962.19
813.533	671.52
813.851	570.3
814.169	435.35
814.486	440.54
814.804	424.97
815.121	393.83
815.438	406.8
815.756	396.42
816.073	367.88
816.39	334.14
816.707	386.04
817.025	401.61
817.342	443.14
817.659	347.11
817.976	349.71
818.292	406.8
818.609	456.11
818.926	533.97
819.243	767.54
819.559	668.92
819.876	764.95
820.193	718.23
820.509	580.68
820.826	463.9
821.142	440.54
821.458	393.83
821.775	427.57
822.091	406.8
822.407	357.49
822.723	435.35
823.039	432.76
823.355	427.57
823.671	406.8
823.987	383.45
824.303	380.85
824.619	326.35
824.935	458.71
825.25	391.23
825.566	349.71
825.881	424.97
826.197	528.78
826.512	546.95
826.828	674.11
827.143	632.59
827.458	619.61
827.774	458.71
828.089	471.68
828.404	572.9
828.719	484.66
829.034	492.45
829.349	526.18
829.664	726.02
829.979	920.66
830.294	990.73
830.608	954.4
830.923	845.4
831.238	629.99
831.552	606.64
831.867	549.54
832.181	406.8
832.496	424.97
832.81	393.83
833.124	419.78
833.439	386.04
833.753	448.33
834.067	323.76
834.381	313.38
834.695	414.59
835.009	401.61
835.323	277.04
835.637	370.47
835.951	386.04
836.264	432.76
836.578	378.26
836.892	362.68
837.205	414.59
837.519	406.8
837.832	321.16
838.146	352.3
838.459	443.14
838.772	380.85
839.086	401.61
839.399	370.47
839.712	386.04
840.025	399.02
840.338	383.45
840.651	414.59
840.964	336.73
841.277	365.28
841.59	352.3
841.902	308.18
842.215	318.57
842.528	367.88
842.84	370.47
843.153	427.57
843.465	362.68
843.778	383.45
844.09	326.35
844.403	399.02
844.715	427.57
845.027	375.66
845.339	391.23
845.651	450.92
845.963	357.49
846.275	427.57
846.587	360.09
846.899	352.3
847.211	367.88
847.523	310.78
847.834	302.99
848.146	341.92
848.457	386.04
848.769	393.83
849.08	360.09
849.392	411.99
849.703	396.42
850.015	339.33
850.326	422.38
850.637	409.4
850.948	430.16
851.259	411.99
851.57	487.26
851.881	450.92
852.192	445.73
852.503	399.02
852.814	378.26
853.125	308.18
853.435	414.59
853.746	318.57
854.056	357.49
854.367	430.16
854.677	352.3
854.988	411.99
855.298	393.83
855.609	362.68
855.919	399.02
856.229	380.85
856.539	341.92
856.849	323.76
857.159	396.42
857.469	388.64
857.779	362.68
858.089	458.71
858.399	370.47
858.708	365.28
859.018	357.49
859.328	422.38
859.637	386.04
859.947	388.64
860.256	370.47
860.566	341.92
860.875	310.78
861.184	370.47
861.494	388.64
861.803	331.54
862.112	328.95
862.421	375.66
862.73	393.83
863.039	388.64
863.348	323.76
863.657	388.64
863.965	360.09
864.274	411.99
864.583	362.68
864.891	386.04
865.2	373.07
865.509	383.45
865.817	367.88
866.125	344.52
866.434	406.8
866.742	365.28
867.05	458.71
867.358	383.45
867.666	391.23
867.975	302.99
868.283	432.76
868.59	406.8
868.898	365.28
869.206	378.26
869.514	406.8
869.822	352.3
870.129	386.04
870.437	391.23
870.744	424.97
871.052	401.61
871.359	380.85
871.667	380.85
871.974	430.16
872.281	323.76
872.589	347.11
872.896	383.45
873.203	424.97
873.51	367.88
873.817	334.14
874.124	445.73
874.431	370.47
874.737	396.42
875.044	367.88
875.351	380.85
875.658	365.28
875.964	414.59
876.271	437.95
876.577	404.21
876.884	367.88
877.19	443.14
877.496	572.9
877.802	744.19
878.109	811.66
878.415	751.97
878.721	642.97
879.027	557.33
879.333	497.64
879.639	474.28
879.945	476.88
880.25	469.09
880.556	476.88
880.862	334.14
881.167	383.45
881.473	334.14
881.778	401.61
882.084	344.52
882.389	406.8
882.695	287.42
883	391.23
883.305	352.3
883.61	370.47
883.915	453.52
884.22	331.54
884.525	310.78
884.83	339.33
885.135	315.97
885.44	388.64
885.745	360.09
886.05	339.33
886.354	336.73
886.659	357.49
886.963	362.68
887.268	419.78
887.572	404.21
887.877	352.3
888.181	404.21
888.485	391.23
888.789	414.59
889.093	344.52
889.398	323.76
889.702	422.38
890.006	352.3
890.309	354.9
890.613	375.66
890.917	365.28
891.221	388.64
891.525	386.04
891.828	360.09
892.132	401.61
892.435	386.04
892.739	570.3
893.042	604.04
893.345	642.97
893.649	596.26
893.952	489.85
894.255	495.04
894.558	469.09
894.861	505.42
895.164	430.16
895.467	427.57
895.77	424.97
896.073	360.09
896.376	388.64
896.678	352.3
896.981	386.04
897.284	391.23
897.586	341.92
897.889	378.26
898.191	251.09
898.493	308.18
898.796	445.73
899.098	334.14
899.4	336.73
899.702	391.23
900.004	300.4
900.306	328.95
900.608	365.28
900.91	378.26
901.212	440.54
901.514	318.57
901.816	373.07
902.117	448.33
902.419	388.64
902.721	383.45
903.022	388.64
903.323	469.09
903.625	370.47
903.926	331.54
904.227	406.8
904.529	378.26
904.83	370.47
905.131	357.49
905.432	370.47
905.733	386.04
906.034	362.68
906.335	388.64
906.636	331.54
906.936	414.59
907.237	360.09
907.538	401.61
907.838	321.16
908.139	360.09
908.439	266.66
908.74	357.49
909.04	279.64
909.34	386.04
909.641	378.26
909.941	347.11
910.241	378.26
910.541	411.99
910.841	365.28
911.141	414.59
911.441	347.11
911.741	315.97
912.04	383.45
912.34	360.09
912.64	297.8
912.939	341.92
913.239	393.83
913.538	334.14
913.838	331.54
914.137	326.35
914.436	396.42
914.736	334.14
915.035	292.61
915.334	360.09
915.633	326.35
915.932	391.23
916.231	396.42
916.53	380.85
916.829	284.83
917.128	341.92
917.426	305.59
917.725	380.85
918.024	383.45
918.322	471.68
918.621	354.9
918.919	393.83
919.217	321.16
919.516	417.18
919.814	378.26
920.112	380.85
920.41	323.76
920.709	318.57
921.007	386.04
921.305	414.59
921.602	367.88
921.9	360.09
922.198	378.26
922.496	328.95
922.794	339.33
923.091	300.4
923.389	352.3
923.686	383.45
923.984	321.16
924.281	383.45
924.578	302.99
924.876	386.04
925.173	349.71
925.47	323.76
925.767	380.85
926.064	365.28
926.361	380.85
926.658	367.88
926.955	417.18
927.252	383.45
927.549	370.47
927.845	321.16
928.142	331.54
928.438	380.85
928.735	349.71
929.031	362.68
929.328	354.9
929.624	380.85
929.92	378.26
930.217	357.49
930.513	375.66
930.809	375.66
931.105	414.59
931.401	321.16
931.697	347.11
931.993	344.52
932.289	443.14
932.584	391.23
932.88	380.85
933.176	435.35
933.471	375.66
933.767	347.11
934.062	341.92
934.358	456.11
934.653	354.9
934.948	334.14
935.244	315.97
935.539	417.18
935.834	380.85
936.129	365.28
936.424	360.09
936.719	367.88
937.014	401.61
937.309	326.35
937.603	328.95
937.898	352.3
938.193	378.26
938.487	341.92
938.782	357.49
939.076	373.07
939.371	370.47
939.665	378.26
939.959	339.33
940.254	321.16
940.548	417.18
940.842	362.68
941.136	378.26
941.43	435.35
941.724	391.23
942.018	354.9
942.311	411.99
942.605	367.88
942.899	370.47
943.193	435.35
943.486	370.47
943.78	341.92
944.073	383.45
944.367	419.78
944.66	375.66
944.953	388.64
945.246	380.85
945.54	422.38
945.833	367.88
946.126	375.66
946.419	336.73
946.712	347.11
947.005	419.78
947.297	399.02
947.59	349.71
947.883	362.68
948.176	326.35
948.468	336.73
948.761	399.02
949.053	373.07
949.346	401.61
949.638	336.73
949.93	393.83
950.222	388.64
950.515	302.99
950.807	362.68
951.099	393.83
951.391	422.38
951.683	341.92
951.975	328.95
952.266	427.57
952.558	339.33
952.85	352.3
953.141	365.28
953.433	388.64
953.725	375.66
954.016	310.78
954.307	422.38
954.599	334.14
954.89	362.68
955.181	401.61
955.472	401.61
955.763	352.3
956.055	354.9
956.346	365.28
956.636	404.21
956.927	357.49
957.218	396.42
957.509	328.95
957.8	422.38
958.09	375.66
958.381	357.49
958.671	380.85
958.962	347.11
959.252	347.11
959.542	323.76
959.833	383.45
960.123	352.3
960.413	341.92
960.703	383.45
960.993	406.8
961.283	334.14
961.573	386.04
961.863	370.47
962.153	323.76
962.442	411.99
962.732	339.33
963.022	417.18
963.311	347.11
963.601	437.95
963.89	367.88
964.18	310.78
964.469	354.9
964.758	321.16
965.047	375.66
965.337	357.49
965.626	406.8
965.915	391.23
966.204	318.57
966.493	360.09
966.781	383.45
967.07	375.66
967.359	321.16
967.648	321.16
967.936	435.35
968.225	380.85
968.513	344.52
968.802	380.85
969.09	406.8
969.378	344.52
969.666	352.3
969.955	370.47
970.243	367.88
970.531	328.95
970.819	354.9
971.107	360.09
971.395	341.92
971.683	347.11
971.97	341.92
972.258	411.99
972.546	341.92
972.833	287.42
973.121	315.97
973.408	318.57
973.696	388.64
973.983	302.99
974.27	321.16
974.558	347.11
974.845	341.92
975.132	347.11
975.419	422.38
975.706	417.18
975.993	326.35
976.28	401.61
976.566	347.11
976.853	378.26
977.14	360.09
977.426	435.35
977.713	315.97
978	326.35
978.286	440.54
978.572	440.54
978.859	287.42
979.145	399.02
979.431	362.68
979.717	399.02
980.003	279.64
980.289	347.11
980.575	388.64
980.861	375.66
981.147	414.59
981.433	349.71
981.719	393.83
982.004	341.92
982.29	271.85
982.575	251.09
982.861	388.64
983.146	354.9
983.432	334.14
983.717	401.61
984.002	375.66
984.287	362.68
984.573	318.57
984.858	334.14
985.143	269.26
985.428	375.66
985.712	339.33
985.997	373.07
986.282	360.09
986.567	360.09
986.851	396.42
987.136	331.54
987.42	380.85
987.705	362.68
987.989	373.07
988.274	365.28
988.558	308.18
988.842	331.54
989.126	360.09
989.41	344.52
989.694	365.28
989.978	445.73
990.262	323.76
990.546	373.07
990.83	386.04
991.114	396.42
991.397	344.52
991.681	360.09
991.965	391.23
992.248	354.9
992.531	360.09
992.815	396.42
993.098	393.83
993.381	336.73
993.665	406.8
993.948	393.83
994.231	354.9
994.514	380.85
994.797	315.97
995.08	396.42
995.362	391.23
995.645	339.33
995.928	321.16
996.211	378.26
996.493	375.66
996.776	404.21
997.058	352.3
997.34	354.9
997.623	362.68
997.905	349.71
998.187	318.57
998.469	386.04
998.752	344.52
999.034	349.71
999.316	331.54
999.597	414.59
999.879	302.99
1000.161	375.66
1000.443	367.88
1000.725	391.23
1001.006	391.23
1001.288	354.9
1001.569	427.57
1001.851	393.83
1002.132	362.68
1002.413	290.02
1002.694	391.23
1002.976	375.66
1003.257	328.95
1003.538	334.14
1003.819	334.14
1004.1	284.83
1004.381	339.33
1004.661	290.02
1004.942	422.38
1005.223	344.52
1005.504	404.21
1005.784	414.59
1006.065	411.99
1006.345	362.68
1006.625	391.23
1006.906	308.18
1007.186	380.85
1007.466	388.64
1007.746	339.33
1008.026	347.11
1008.306	373.07
1008.586	445.73
1008.866	284.83
1009.146	393.83
1009.426	326.35
1009.706	422.38
1009.985	365.28
1010.265	341.92
1010.544	411.99
1010.824	352.3
1011.103	414.59
1011.383	380.85
1011.662	437.95
1011.941	388.64
1012.22	287.42
1012.499	354.9
1012.778	326.35
1013.057	344.52
1013.336	326.35
1013.615	300.4
1013.894	427.57
1014.173	362.68
1014.451	380.85
1014.73	367.88
1015.009	375.66
1015.287	354.9
1015.566	349.71
1015.844	300.4
1016.122	404.21
1016.4	380.85
1016.679	396.42
1016.957	383.45
1017.235	396.42
1017.513	375.66
1017.791	331.54
1018.069	297.8
1018.346	344.52
1018.624	354.9
1018.902	365.28
1019.179	349.71
1019.457	399.02
1019.735	401.61
1020.012	354.9
1020.289	339.33
1020.567	339.33
1020.844	339.33
