338.578	11.35
338.961	11.35
339.343	11.35
339.725	-79.48
340.108	-63.91
340.49	-79.48
340.872	-108.03
341.254	-56.12
341.636	11.35
342.018	-74.29
342.4	-66.5
342.782	-61.31
343.164	-24.98
343.546	-53.53
343.928	13.95
344.309	58.07
344.691	34.71
345.073	109.97
345.455	138.52
345.836	94.4
346.218	63.26
346.599	84.02
346.981	156.69
347.362	135.93
347.744	247.52
348.125	195.62
348.506	226.76
348.888	263.09
349.269	283.85
349.65	309.81
350.031	320.19
350.413	320.19
350.794	379.88
351.175	348.74
351.556	340.95
351.937	299.43
352.318	361.71
352.698	296.83
353.079	374.69
353.46	387.66
353.841	418.81
354.222	392.85
354.602	436.97
354.983	392.85
355.363	421.4
355.744	379.88
356.124	377.28
356.505	335.76
356.885	408.43
357.266	457.74
357.646	322.78
358.026	390.26
358.407	374.69
358.787	416.21
359.167	320.19
359.547	372.09
359.927	359.12
360.307	320.19
360.687	403.24
361.067	372.09
361.447	387.66
361.827	395.45
362.207	325.38
362.587	315
362.966	320.19
363.346	395.45
363.726	392.85
364.105	353.93
364.485	374.69
364.865	325.38
365.244	377.28
365.624	309.81
366.003	309.81
366.382	356.52
366.762	317.59
367.141	390.26
367.52	340.95
367.899	325.38
368.279	353.93
368.658	348.74
369.037	359.12
369.416	361.71
369.795	353.93
370.174	356.52
370.553	333.16
370.932	327.97
371.311	356.52
371.689	278.66
372.068	302.02
372.447	439.57
372.825	359.12
373.204	291.64
373.583	361.71
373.961	356.52
374.34	364.31
374.718	307.21
375.097	361.71
375.475	351.33
375.853	343.54
376.232	304.62
376.61	416.21
376.988	320.19
377.366	346.14
377.744	387.66
378.122	374.69
378.5	294.24
378.878	356.52
379.256	385.07
379.634	307.21
380.012	356.52
380.39	374.69
380.768	359.12
381.145	372.09
381.523	379.88
381.901	395.45
382.278	398.04
382.656	317.59
383.033	330.57
383.411	353.93
383.788	304.62
384.166	416.21
384.543	426.59
384.921	356.52
385.298	346.14
385.675	359.12
386.052	392.85
386.429	304.62
386.806	379.88
387.184	348.74
387.561	348.74
387.938	294.24
388.314	411.02
388.691	369.5
389.068	379.88
389.445	385.07
389.822	364.31
390.198	385.07
390.575	385.07
390.952	338.35
391.328	356.52
391.705	403.24
392.081	366.9
392.458	398.04
392.834	338.35
393.211	400.64
393.587	351.33
393.963	426.59
394.34	426.59
394.716	369.5
395.092	400.64
395.468	361.71
395.844	356.52
396.22	325.38
396.596	359.12
396.972	369.5
397.348	304.62
397.724	364.31
398.1	405.83
398.476	353.93
398.851	411.02
399.227	374.69
399.603	444.76
399.978	377.28
400.354	366.9
400.729	317.59
401.105	392.85
401.48	335.76
401.856	426.59
402.231	426.59
402.606	436.97
402.982	434.38
403.357	364.31
403.732	398.04
404.107	418.81
404.482	501.85
404.857	558.95
405.232	657.57
405.607	618.64
405.982	457.74
406.357	468.12
406.732	403.24
407.107	405.83
407.482	327.97
407.856	429.19
408.231	408.43
408.606	475.9
408.98	455.14
409.355	468.12
409.729	483.69
410.104	405.83
410.478	439.57
410.852	434.38
411.227	418.81
411.601	421.4
411.975	507.05
412.35	457.74
412.724	496.66
413.098	488.88
413.472	473.31
413.846	491.47
414.22	460.33
414.594	455.14
414.968	538.19
415.342	597.88
415.715	530.4
416.089	540.78
416.463	538.19
416.837	652.38
417.21	644.59
417.584	621.24
417.957	600.47
418.331	657.57
418.704	631.62
419.078	735.43
419.451	735.43
419.824	688.71
420.198	878.16
420.571	766.57
420.944	922.28
421.317	948.24
421.69	966.4
422.064	997.55
422.437	1005.33
422.81	1109.14
423.182	1174.02
423.555	1228.52
423.928	1083.19
424.301	1321.95
424.674	1244.09
425.047	1373.86
425.419	1428.36
425.792	1501.02
426.164	1635.97
426.537	1586.66
426.91	1739.78
427.282	1812.45
427.654	1942.21
428.027	2025.26
428.399	1970.76
428.771	2289.97
429.144	2347.07
429.516	2287.38
429.888	2650.71
430.26	2536.52
430.632	2803.83
431.004	2972.52
431.376	3151.59
431.748	3260.59
432.12	3447.45
432.492	3600.57
432.864	3748.5
433.236	3857.5
433.607	4228.62
433.979	4264.95
434.351	4405.1
434.722	4732.1
435.094	4999.41
435.465	5601.5
435.837	6720.05
436.208	7786.69
436.58	8230.48
436.951	7672.5
437.322	6847.22
437.693	6707.07
438.065	7031.48
438.436	7161.24
438.807	7514.19
439.178	7771.12
439.549	8204.53
439.92	8653.5
440.291	9195.91
440.662	8884.48
441.033	9556.65
441.403	9696.79
441.774	9935.55
442.145	10685.58
442.516	10187.29
442.886	10994.41
443.257	11054.1
443.627	11028.15
443.998	11700.32
444.368	11669.17
444.739	11863.82
445.109	12009.15
445.479	11586.12
445.85	11827.48
446.22	11988.39
446.59	11645.82
446.96	11692.53
447.33	11941.67
447.7	11959.84
448.07	11780.77
448.44	11396.67
448.81	11233.17
449.18	11207.22
449.55	11048.91
449.92	10467.58
450.29	10519.48
450.659	10223.62
451.029	10086.08
451.399	9676.03
451.768	9888.84
452.138	8985.69
452.507	8733.96
452.877	8534.12
453.246	8713.19
453.615	7989.12
453.985	8015.07
454.354	7594.65
454.723	7415.57
455.092	7314.36
455.462	7028.88
455.831	6855
456.2	6551.36
456.569	6499.45
456.938	5933.69
457.307	6060.86
457.675	5700.12
458.044	5417.24
458.413	5401.67
458.782	5430.22
459.15	5277.1
459.519	5292.67
459.888	5053.91
460.256	4843.69
460.625	4856.67
460.993	4703.55
461.362	4571.19
461.73	4425.86
462.098	4397.31
462.467	4457
462.835	4207.86
463.203	4070.31
463.571	4122.21
463.939	3919.79
464.307	4039.17
464.675	3815.98
465.043	3792.62
465.411	3616.14
465.779	3629.12
466.147	3714.76
466.515	3572.02
466.883	3504.55
467.25	3499.36
467.618	3385.17
467.986	3387.76
468.353	3481.19
468.721	3234.64
469.088	3221.67
469.456	3045.19
469.823	3001.07
470.19	3187.93
470.558	3172.36
470.925	3047.78
471.292	2928.4
471.659	3019.24
472.027	2899.86
472.394	2705.21
472.761	2907.64
473.128	2920.62
473.495	2853.14
473.862	2694.83
474.228	2772.69
474.595	2894.67
474.962	2611.78
475.329	2764.9
475.695	2694.83
476.062	2567.67
476.429	2749.33
476.795	2627.36
477.162	2684.45
477.528	2591.02
477.895	2627.36
478.261	2552.09
478.627	2733.76
478.994	2700.02
479.36	2757.12
479.726	2687.05
480.092	2796.05
480.458	2731.17
480.824	2775.28
481.19	2705.21
481.556	2915.43
481.922	2834.98
482.288	2770.09
482.654	2871.31
483.02	2975.12
483.385	3102.28
483.751	3091.9
484.117	3377.38
484.482	3509.74
484.848	3582.4
485.213	3636.9
485.579	3745.9
485.944	3826.36
486.31	3943.14
486.675	4135.19
487.04	4054.74
487.406	4348
487.771	4433.64
488.136	4441.43
488.501	4558.21
488.866	4547.83
489.231	4882.62
489.596	5059.1
489.961	5022.76
490.326	5074.67
490.691	5230.38
491.056	5367.93
491.42	5258.93
491.785	5396.48
492.15	5723.48
492.514	5609.29
492.879	5775.38
493.243	5944.07
493.608	6211.38
493.972	6229.55
494.337	6499.45
494.701	6509.84
495.065	6649.98
495.43	6971.79
495.794	7067.81
496.158	7327.34
496.522	7560.91
496.886	7719.22
497.25	7983.93
497.614	8064.38
497.978	8381
498.342	8658.69
498.706	8762.5
499.07	9169.96
499.433	9216.67
499.797	9328.27
500.161	9580
500.524	9896.62
500.888	9852.5
501.251	10415.67
501.615	10470.17
501.978	10856.86
502.342	11357.74
502.705	11573.15
503.068	11835.27
503.432	12375.08
503.795	12149.29
504.158	12683.91
504.521	13073.2
504.884	13514.39
505.247	13644.15
505.61	14077.55
505.973	14204.72
506.336	14799.03
506.699	14796.44
507.062	15286.94
507.424	15460.82
507.787	15717.75
508.15	16164.13
508.512	16548.22
508.875	17077.65
509.238	17202.22
509.6	17453.96
509.962	17682.34
510.325	18341.53
510.687	18549.15
511.049	18460.92
511.412	19065.61
511.774	19465.27
512.136	19717.01
512.498	19898.68
512.86	20503.37
513.222	20555.27
513.584	20801.82
513.946	21095.08
514.308	21191.11
514.67	21289.73
515.032	21907.39
515.393	22156.54
515.755	22504.3
516.117	22994.8
516.478	22857.25
516.84	23301.04
517.201	23570.94
517.563	23760.4
517.924	24051.06
518.286	24440.35
518.647	24323.56
519.008	24474.09
519.37	24850.4
519.731	24897.11
520.092	24910.09
520.453	25670.49
520.814	25699.04
521.175	25753.54
521.536	25761.33
521.897	26446.47
522.258	25992.3
522.619	26415.33
522.979	26905.83
523.34	26757.9
523.701	26820.18
524.061	26957.73
524.422	27136.8
524.783	27030.4
525.143	27697.37
525.504	27733.71
525.864	27798.59
526.224	27772.64
526.585	27938.73
526.945	28369.54
527.305	28226.8
527.665	28670.59
528.025	28917.14
528.385	28969.04
528.746	29122.16
529.106	29283.07
529.465	29407.64
529.825	29560.76
530.185	29664.57
530.545	29633.42
530.905	30165.45
531.264	29926.69
531.624	30308.19
531.984	30848
532.343	30386.04
532.703	30580.69
533.062	31084.16
533.422	31766.71
533.781	31512.38
534.141	32065.16
534.5	31696.64
534.859	31740.76
535.218	31712.21
535.577	32597.19
535.937	32438.88
536.296	32140.43
536.655	33002.04
537.014	32874.88
537.373	32989.07
537.731	33149.97
538.09	33881.83
538.449	34359.36
538.808	34369.74
539.166	34483.93
539.525	34408.66
539.884	34670.78
540.242	35475.31
540.601	35656.98
540.959	35963.21
541.318	36993.52
541.676	37546.31
542.034	39573.19
542.393	40504.88
542.751	42038.67
543.109	42786.1
543.467	43224.7
543.825	43598.41
544.183	43562.08
544.541	43969.53
544.899	43014.48
545.257	42534.36
545.615	43141.65
545.973	44083.72
546.331	44415.91
546.688	44431.48
547.046	42277.43
547.404	40764.41
547.761	39495.34
548.119	39241
548.476	39217.64
548.834	39054.14
549.191	39575.79
549.548	39536.86
549.906	39414.88
550.263	38978.88
550.62	39103.45
550.977	39157.95
551.334	39547.24
551.691	38708.98
552.048	39378.55
552.405	39601.74
552.762	39819.74
553.119	39484.95
553.476	39311.07
553.833	39329.24
554.189	39025.6
554.546	38932.17
554.903	39350
555.259	38958.12
555.616	38919.19
555.972	39147.57
556.329	38737.53
556.685	38483.19
557.042	38376.79
557.398	38729.74
557.754	38890.64
558.11	38659.67
558.467	38210.69
558.823	38734.93
559.179	39186.5
559.535	38644.1
559.891	38594.79
560.247	38574.03
560.603	38779.05
560.958	38392.36
561.314	38903.62
561.67	38490.98
562.026	39025.6
562.381	38742.72
562.737	38457.24
563.092	38711.57
563.448	37888.88
563.803	38452.05
564.159	38324.88
564.514	38083.52
564.869	38475.41
565.225	38335.26
565.58	37795.45
565.935	37644.93
566.29	38187.33
566.645	38135.43
567	37219.31
567.355	37681.26
567.71	37580.05
568.065	37595.62
568.42	37429.52
568.775	37424.33
569.13	37484.02
569.484	37276.41
569.839	36900.1
570.193	37112.9
570.548	36913.07
570.903	36653.55
571.257	36814.45
571.611	36926.05
571.966	36451.12
572.32	36342.12
572.674	35978.79
573.029	36266.86
573.383	35791.93
573.737	36381.05
574.091	35854.21
574.445	35584.31
574.799	36495.24
575.153	35916.5
575.507	36220.14
575.861	36108.55
576.215	34909.55
576.568	35747.81
576.922	35656.98
577.276	36238.31
577.629	35701.09
577.983	35371.5
578.336	35332.57
578.69	35231.36
579.043	34982.21
579.397	34873.21
579.75	35721.86
580.103	35483.09
580.456	35464.93
580.81	35413.02
581.163	35301.43
581.516	35013.36
581.869	34764.21
582.222	35477.9
582.575	34647.43
582.928	34896.57
583.281	35433.78
583.633	34997.78
583.986	35000.38
584.339	35877.57
584.691	35368.9
585.044	34647.43
585.397	35192.43
585.749	34953.67
586.102	34847.26
586.454	34707.12
586.806	34019.38
587.159	35350.74
587.511	35734.83
587.863	35786.74
588.215	35664.76
588.567	35169.07
588.92	35192.43
589.272	34341.19
589.624	33853.28
589.975	33235.62
590.327	33404.31
590.679	32874.88
591.031	33409.5
591.383	33077.31
591.734	33017.62
592.086	32490.78
592.438	32999.45
592.789	33090.28
593.141	33214.85
593.492	33474.38
593.844	32989.07
594.195	32615.35
594.546	32477.81
594.898	32244.23
595.249	32124.85
595.6	31317.73
595.951	31457.88
596.302	31891.28
596.653	31608.4
597.004	31133.47
597.355	31146.45
597.706	30925.85
598.057	30980.35
598.408	31094.54
598.758	31208.73
599.109	31123.09
599.46	30632.59
599.81	31143.85
600.161	31538.33
600.511	30879.14
600.862	31265.83
601.212	30788.31
601.562	30975.16
601.913	29885.16
602.263	30007.14
602.613	29786.54
602.963	29802.11
603.313	29251.92
603.663	28847.07
604.013	29161.09
604.363	29394.66
604.713	28680.97
605.063	28691.35
605.413	28686.16
605.763	28234.59
606.112	28159.33
606.462	27892.02
606.812	28016.59
607.161	27676.61
607.511	28193.07
607.86	28211.23
608.21	27154.97
608.559	27471.59
608.908	27616.92
609.258	27715.54
609.607	27609.14
609.956	28608.3
610.305	28880.8
610.654	30360.09
611.003	33850.69
611.352	38784.24
611.701	41838.84
612.05	41594.88
612.399	38872.48
612.748	36035.88
613.097	33357.59
613.445	32083.33
613.794	30103.16
614.143	28704.33
614.491	28387.71
614.84	28029.57
615.188	26923.99
615.537	26532.11
615.885	26267.4
616.233	25247.47
616.581	24409.21
616.93	24089.99
617.278	23423.01
617.626	22859.85
617.974	22779.39
618.322	22449.8
618.67	22532.85
619.018	22024.18
619.366	21803.58
619.714	21754.27
620.061	21499.94
620.409	21380.56
620.757	21510.32
621.104	21463.61
621.452	21053.56
621.799	20739.54
622.147	20591.61
622.494	20111.49
622.842	20191.94
623.189	19909.06
623.536	19732.58
623.884	19081.18
624.231	19060.42
624.578	19073.39
624.925	18829.44
625.272	18922.87
625.619	18170.25
625.966	18533.58
626.313	18011.94
626.66	17952.25
627.007	17557.77
627.353	17342.37
627.7	17544.8
628.047	17339.77
628.393	16755.84
628.74	17212.6
629.086	16745.46
629.433	16447.01
629.779	16148.56
630.125	16711.72
630.472	16478.15
630.818	16722.1
631.164	16776.6
631.51	16937.51
631.857	16467.77
632.203	16392.51
632.549	15626.91
632.895	15190.91
633.24	15027.41
633.586	14762.7
633.932	14422.72
634.278	14113.89
634.624	13937.41
634.969	13869.94
635.315	13701.25
635.66	13802.46
636.006	13122.51
636.351	13574.08
636.697	13265.24
637.042	13026.48
637.388	12997.94
637.733	13000.53
638.078	12878.55
638.423	12673.53
638.768	12315.39
639.113	12211.58
639.458	12240.12
639.803	12234.93
640.148	12242.72
640.493	11923.51
640.838	11814.51
641.183	11656.2
641.527	11529.03
641.872	11643.22
642.217	11617.27
642.561	11334.39
642.906	11220.2
643.25	11238.36
643.595	11093.03
643.939	11116.39
644.284	10836.1
644.628	10799.77
644.972	10911.36
645.316	10838.7
645.66	10514.29
646.004	10706.34
646.348	10272.93
646.692	10156.15
647.036	10457.2
647.38	9969.29
647.724	10117.22
648.068	9977.08
648.412	9852.5
648.755	9624.12
649.099	9598.17
649.443	9790.22
649.786	9450.24
650.13	9600.77
650.473	9403.53
650.816	9748.69
651.16	9517.72
651.503	9587.79
651.846	9268.58
652.189	9159.58
652.533	9097.29
652.876	8962.34
653.219	8928.6
653.562	8967.53
653.905	8752.12
654.247	8513.36
654.59	8560.07
654.933	8464.05
655.276	8422.53
655.619	8199.34
655.961	8303.15
656.304	8098.12
656.646	8108.5
656.989	7750.36
657.331	7919.05
657.674	7472.67
658.016	7716.62
658.358	7773.72
658.701	7719.22
659.043	7597.24
659.385	7498.62
659.727	7433.74
660.069	7135.29
660.411	7122.31
660.753	7296.19
661.095	7049.65
661.437	6943.24
661.778	6691.5
662.12	7036.67
662.462	6984.76
662.804	6901.72
663.145	6964
663.487	6686.31
663.828	6704.48
664.17	6533.19
664.511	6351.53
664.852	6221.76
665.194	6470.91
665.535	6252.91
665.876	6120.55
666.217	6029.72
666.558	5949.26
666.899	5949.26
667.24	5918.12
667.581	5866.22
667.922	5790.95
668.263	5723.48
668.604	5604.1
668.944	5484.72
669.285	5458.76
669.626	5578.14
669.966	5404.26
670.307	5209.62
670.647	5331.6
670.988	5131.76
671.328	5279.69
671.669	4952.69
672.009	4882.62
672.349	4859.26
672.689	5030.55
673.029	4911.17
673.369	4851.48
673.71	4776.21
674.049	4711.33
674.389	4630.88
674.729	4716.52
675.069	4521.88
675.409	4488.14
675.749	4327.24
676.088	4270.14
676.428	4277.93
676.768	4205.26
677.107	4163.74
677.447	4270.14
677.786	4065.12
678.125	4010.62
678.465	3958.71
678.804	3984.67
679.143	3852.31
679.482	3847.12
679.821	3976.88
680.161	3717.36
680.5	3704.38
680.839	3662.86
681.177	3686.21
681.516	3522.71
681.855	3538.29
682.194	3517.52
682.533	3559.05
682.871	3455.24
683.21	3343.64
683.549	3367
683.887	3289.14
684.225	3283.95
684.564	3195.71
684.902	3174.95
685.241	3239.83
685.579	3102.28
685.917	2954.36
686.255	3019.24
686.593	3091.9
686.931	2993.28
687.269	2982.9
687.607	3058.17
687.945	2988.09
688.283	2931
688.621	2995.88
688.959	2938.78
689.296	2892.07
689.634	2847.95
689.972	2720.78
690.309	2632.55
690.647	2578.05
690.984	2637.74
691.322	2539.12
691.659	2458.67
691.996	2388.59
692.333	2466.45
692.671	2500.19
693.008	2383.4
693.345	2448.28
693.682	2484.62
694.019	2497.59
694.356	2360.05
694.693	2367.83
695.03	2354.86
695.366	2274.4
695.703	2196.55
696.04	2238.07
696.376	2204.33
696.713	2069.38
697.05	2266.62
697.386	2155.02
697.722	2030.45
698.059	2175.78
698.395	2061.59
698.731	2061.59
699.068	2129.07
699.404	1957.78
699.74	2030.45
700.076	1957.78
700.412	2035.64
700.748	1866.95
701.084	1859.17
701.42	1874.74
701.756	1776.12
702.091	1846.19
702.427	1825.43
702.763	1929.24
703.098	1828.02
703.434	1794.28
703.769	1804.67
704.105	1892.9
704.44	1820.24
704.776	1726.81
705.111	1726.81
705.446	1872.14
705.781	1833.21
706.117	1791.69
706.452	1859.17
706.787	1905.88
707.122	2040.83
707.457	2004.5
707.792	1879.93
708.126	1929.24
708.461	1952.59
708.796	2004.5
709.131	2090.14
709.465	1996.71
709.8	2001.9
710.134	1903.28
710.469	1778.71
710.803	1708.64
711.138	1604.83
711.472	1690.47
711.806	1641.16
712.14	1651.55
712.475	1760.55
712.809	1729.4
713.143	1799.47
713.477	1685.28
713.811	1628.19
714.145	1563.31
714.479	1501.02
714.812	1366.07
715.146	1475.07
715.48	1296
715.814	1293.4
716.147	1324.55
716.481	1288.21
716.814	1337.52
717.148	1249.28
717.481	1376.45
717.814	1314.16
718.148	1306.38
718.481	1311.57
718.814	1298.59
719.147	1174.02
719.48	1267.45
719.813	1347.9
720.146	1205.16
720.479	1119.52
720.812	1155.86
721.145	1264.86
721.478	1187
721.81	1176.62
722.143	1119.52
722.476	1090.97
722.808	1078
723.141	1148.07
723.473	1111.74
723.806	1031.28
724.138	1171.43
724.47	1083.19
724.803	1163.64
725.135	1098.76
725.467	1101.35
725.799	989.76
726.131	1018.31
726.463	1093.57
726.795	1046.85
727.127	1020.9
727.459	1013.12
727.791	1062.43
728.122	1018.31
728.454	1041.66
728.786	862.59
729.117	1023.5
729.449	992.35
729.78	943.05
730.112	956.02
730.443	994.95
730.774	1013.12
731.106	872.97
731.437	994.95
731.768	901.52
732.099	953.43
732.43	930.07
732.761	932.66
733.092	932.66
733.423	979.38
733.754	891.14
734.085	862.59
734.416	880.76
734.746	948.24
735.077	872.97
735.407	828.85
735.738	958.62
736.068	891.14
736.399	821.07
736.729	823.66
737.06	813.28
737.39	810.69
737.72	808.09
738.05	860
738.38	815.88
738.71	805.5
739.041	870.38
739.37	834.05
739.7	756.19
740.03	805.5
740.36	753.59
740.69	730.24
741.02	774.35
741.349	782.14
741.679	810.69
742.008	800.31
742.338	691.31
742.667	732.83
742.997	795.12
743.326	751
743.655	802.9
743.984	753.59
744.314	696.5
744.643	712.07
744.972	717.26
745.301	779.55
745.63	748.4
745.959	745.81
746.288	701.69
746.616	761.38
746.945	683.52
747.274	652.38
747.603	667.95
747.931	717.26
748.26	670.55
748.588	667.95
748.917	704.28
749.245	603.07
749.573	678.33
749.902	686.12
750.23	686.12
750.558	647.19
750.886	688.71
751.214	639.4
751.542	725.05
751.87	719.85
752.198	592.69
752.526	712.07
752.854	634.21
753.182	647.19
753.509	665.35
753.837	642
754.165	597.88
754.492	590.09
754.82	670.55
755.147	616.05
755.474	631.62
755.802	670.55
756.129	595.28
756.456	603.07
756.783	660.16
757.111	533
757.438	494.07
757.765	597.88
758.092	600.47
758.418	582.31
758.745	623.83
759.072	566.74
759.399	644.59
759.726	652.38
760.052	714.66
760.379	766.57
760.705	800.31
761.032	730.24
761.358	730.24
761.685	605.66
762.011	610.85
762.337	533
762.663	577.12
762.99	566.74
763.316	483.69
763.642	616.05
763.968	577.12
764.294	566.74
764.62	530.4
764.946	473.31
765.271	582.31
765.597	520.02
765.923	520.02
766.248	538.19
766.574	545.97
766.9	522.62
767.225	496.66
767.55	626.43
767.876	543.38
768.201	488.88
768.526	831.45
768.852	527.81
769.177	623.83
769.502	514.83
769.827	512.24
770.152	517.43
770.477	533
770.802	501.85
771.127	504.45
771.451	494.07
771.776	558.95
772.101	556.35
772.425	457.74
772.75	566.74
773.075	488.88
773.399	481.09
773.723	488.88
774.048	507.05
774.372	462.93
774.696	481.09
775.02	411.02
775.345	543.38
775.669	517.43
775.993	499.26
776.317	442.16
776.641	478.5
776.965	509.64
777.288	491.47
777.612	522.62
777.936	494.07
778.26	434.38
778.583	439.57
778.907	436.97
779.23	514.83
779.554	447.35
779.877	569.33
780.2	509.64
780.524	517.43
780.847	447.35
781.17	512.24
781.493	460.33
781.816	486.28
782.139	475.9
782.462	491.47
782.785	436.97
783.108	457.74
783.431	418.81
783.754	429.19
784.076	442.16
784.399	522.62
784.722	455.14
785.044	405.83
785.367	478.5
785.689	452.54
786.011	551.16
786.334	392.85
786.656	486.28
786.978	377.28
787.3	416.21
787.622	429.19
787.944	377.28
788.266	475.9
788.588	561.55
788.91	501.85
789.232	478.5
789.554	431.78
789.876	460.33
790.197	470.71
790.519	442.16
790.841	434.38
791.162	374.69
791.483	411.02
791.805	488.88
792.126	426.59
792.448	507.05
792.769	413.62
793.09	379.88
793.411	429.19
793.732	517.43
794.053	475.9
794.374	522.62
794.695	457.74
795.016	411.02
795.337	429.19
795.658	496.66
795.978	462.93
796.299	460.33
796.619	426.59
796.94	452.54
797.261	413.62
797.581	462.93
797.901	426.59
798.222	465.52
798.542	452.54
798.862	543.38
799.182	473.31
799.502	434.38
799.822	460.33
800.142	478.5
800.462	416.21
800.782	421.4
801.102	444.76
801.422	359.12
801.742	439.57
802.061	475.9
802.381	473.31
802.701	481.09
803.02	390.26
803.339	431.78
803.659	449.95
803.978	421.4
804.298	468.12
804.617	447.35
804.936	416.21
805.255	327.97
805.574	431.78
805.893	424
806.212	424
806.531	403.24
806.85	431.78
807.169	436.97
807.487	449.95
807.806	481.09
808.125	408.43
808.443	426.59
808.762	408.43
809.08	379.88
809.399	473.31
809.717	431.78
810.035	444.76
810.354	442.16
810.672	442.16
810.99	545.97
811.308	686.12
811.626	662.76
811.944	696.5
812.262	603.07
812.58	530.4
812.898	470.71
813.216	475.9
813.533	486.28
813.851	413.62
814.169	408.43
814.486	353.93
814.804	439.57
815.121	392.85
815.438	413.62
815.756	462.93
816.073	366.9
816.39	447.35
816.707	429.19
817.025	413.62
817.342	379.88
817.659	400.64
817.976	413.62
818.292	385.07
818.609	434.38
818.926	395.45
819.243	411.02
819.559	481.09
819.876	382.47
820.193	449.95
820.509	408.43
820.826	426.59
821.142	426.59
821.458	335.76
821.775	447.35
822.091	457.74
822.407	387.66
822.723	366.9
823.039	447.35
823.355	398.04
823.671	366.9
823.987	374.69
824.303	322.78
824.619	387.66
824.935	359.12
825.25	436.97
825.566	424
825.881	398.04
826.197	426.59
826.512	436.97
826.828	418.81
827.143	449.95
827.458	327.97
827.774	387.66
828.089	403.24
828.404	421.4
828.719	400.64
829.034	390.26
829.349	431.78
829.664	413.62
829.979	494.07
830.294	473.31
830.608	483.69
830.923	421.4
831.238	424
831.552	431.78
831.867	468.12
832.181	379.88
832.496	364.31
832.81	335.76
833.124	400.64
833.439	408.43
833.753	379.88
834.067	361.71
834.381	447.35
834.695	327.97
835.009	374.69
835.323	400.64
835.637	429.19
835.951	403.24
836.264	400.64
836.578	403.24
836.892	452.54
837.205	379.88
837.519	382.47
837.832	431.78
838.146	424
838.459	462.93
838.772	353.93
839.086	330.57
839.399	405.83
839.712	434.38
840.025	390.26
840.338	330.57
840.651	418.81
840.964	455.14
841.277	392.85
841.59	421.4
841.902	398.04
842.215	364.31
842.528	346.14
842.84	439.57
843.153	400.64
843.465	374.69
843.778	424
844.09	431.78
844.403	359.12
844.715	348.74
845.027	434.38
845.339	434.38
845.651	405.83
845.963	390.26
846.275	457.74
846.587	387.66
846.899	382.47
847.211	460.33
847.523	416.21
847.834	340.95
848.146	431.78
848.457	377.28
848.769	416.21
849.08	366.9
849.392	449.95
849.703	421.4
850.015	416.21
850.326	403.24
850.637	385.07
850.948	442.16
851.259	333.16
851.57	392.85
851.881	413.62
852.192	434.38
852.503	405.83
852.814	351.33
853.125	429.19
853.435	413.62
853.746	361.71
854.056	444.76
854.367	372.09
854.677	421.4
854.988	387.66
855.298	403.24
855.609	356.52
855.919	356.52
856.229	400.64
856.539	333.16
856.849	351.33
857.159	385.07
857.469	343.54
857.779	405.83
858.089	366.9
858.399	356.52
858.708	444.76
859.018	346.14
859.328	408.43
859.637	421.4
859.947	426.59
860.256	418.81
860.566	431.78
860.875	333.16
861.184	390.26
861.494	392.85
861.803	416.21
862.112	317.59
862.421	335.76
862.73	400.64
863.039	320.19
863.348	351.33
863.657	364.31
863.965	353.93
864.274	348.74
864.583	387.66
864.891	444.76
865.2	361.71
865.509	366.9
865.817	327.97
866.125	338.35
866.434	403.24
866.742	382.47
867.05	421.4
867.358	390.26
867.666	390.26
867.975	273.47
868.283	372.09
868.59	359.12
868.898	400.64
869.206	405.83
869.514	447.35
869.822	475.9
870.129	457.74
870.437	374.69
870.744	366.9
871.052	382.47
871.359	351.33
871.667	398.04
871.974	340.95
872.281	379.88
872.589	351.33
872.896	475.9
873.203	353.93
873.51	424
873.817	431.78
874.124	424
874.431	392.85
874.737	366.9
875.044	320.19
875.351	379.88
875.658	398.04
875.964	439.57
876.271	468.12
876.577	372.09
876.884	400.64
877.19	338.35
877.496	426.59
877.802	449.95
878.109	501.85
878.415	462.93
878.721	411.02
879.027	382.47
879.333	436.97
879.639	411.02
879.945	405.83
880.25	379.88
880.556	330.57
880.862	429.19
881.167	338.35
881.473	377.28
881.778	379.88
882.084	361.71
882.389	369.5
882.695	353.93
883	416.21
883.305	395.45
883.61	449.95
883.915	405.83
884.22	377.28
884.525	429.19
884.83	366.9
885.135	405.83
885.44	398.04
885.745	364.31
886.05	374.69
886.354	400.64
886.659	346.14
886.963	426.59
887.268	413.62
887.572	403.24
887.877	431.78
888.181	374.69
888.485	429.19
888.789	444.76
889.093	408.43
889.398	353.93
889.702	304.62
890.006	395.45
890.309	372.09
890.613	369.5
890.917	320.19
891.221	452.54
891.525	372.09
891.828	413.62
892.132	400.64
892.435	392.85
892.739	421.4
893.042	398.04
893.345	392.85
893.649	400.64
893.952	403.24
894.255	416.21
894.558	468.12
894.861	387.66
895.164	364.31
895.467	413.62
895.77	372.09
896.073	382.47
896.376	353.93
896.678	382.47
896.981	283.85
897.284	429.19
897.586	408.43
897.889	372.09
898.191	403.24
898.493	379.88
898.796	286.45
899.098	390.26
899.4	361.71
899.702	346.14
900.004	327.97
900.306	338.35
900.608	385.07
900.91	429.19
901.212	322.78
901.514	364.31
901.816	369.5
902.117	429.19
902.419	385.07
902.721	398.04
903.022	356.52
903.323	411.02
903.625	395.45
903.926	392.85
904.227	385.07
904.529	353.93
904.83	312.4
905.131	408.43
905.432	403.24
905.733	434.38
906.034	444.76
906.335	335.76
906.636	369.5
906.936	486.28
907.237	486.28
907.538	377.28
907.838	416.21
908.139	359.12
908.439	346.14
908.74	330.57
909.04	286.45
909.34	449.95
909.641	390.26
909.941	385.07
910.241	434.38
910.541	385.07
910.841	405.83
911.141	390.26
911.441	387.66
911.741	372.09
912.04	356.52
912.34	377.28
912.64	343.54
912.939	405.83
913.239	444.76
913.538	390.26
913.838	447.35
914.137	335.76
914.436	304.62
914.736	351.33
915.035	359.12
915.334	387.66
915.633	338.35
915.932	400.64
916.231	309.81
916.53	343.54
916.829	405.83
917.128	302.02
917.426	473.31
917.725	372.09
918.024	392.85
918.322	429.19
918.621	346.14
918.919	338.35
919.217	418.81
919.516	392.85
919.814	364.31
920.112	457.74
920.41	379.88
920.709	405.83
921.007	429.19
921.305	387.66
921.602	346.14
921.9	379.88
922.198	413.62
922.496	390.26
922.794	353.93
923.091	353.93
923.389	416.21
923.686	408.43
923.984	322.78
924.281	346.14
924.578	387.66
924.876	398.04
925.173	426.59
925.47	444.76
925.767	348.74
926.064	426.59
926.361	385.07
926.658	330.57
926.955	392.85
927.252	421.4
927.549	372.09
927.845	398.04
928.142	434.38
928.438	377.28
928.735	364.31
929.031	304.62
929.328	364.31
929.624	429.19
929.92	395.45
930.217	320.19
930.513	317.59
930.809	330.57
931.105	442.16
931.401	320.19
931.697	413.62
931.993	436.97
932.289	387.66
932.584	348.74
932.88	377.28
933.176	413.62
933.471	408.43
933.767	343.54
934.062	359.12
934.358	426.59
934.653	403.24
934.948	385.07
935.244	455.14
935.539	333.16
935.834	361.71
936.129	351.33
936.424	372.09
936.719	418.81
937.014	387.66
937.309	366.9
937.603	351.33
937.898	392.85
938.193	359.12
938.487	385.07
938.782	364.31
939.076	309.81
939.371	382.47
939.665	374.69
939.959	398.04
940.254	372.09
940.548	299.43
940.842	340.95
941.136	346.14
941.43	364.31
941.724	346.14
942.018	439.57
942.311	346.14
942.605	400.64
942.899	460.33
943.193	385.07
943.486	302.02
943.78	395.45
944.073	385.07
944.367	333.16
944.66	377.28
944.953	356.52
945.246	439.57
945.54	434.38
945.833	377.28
946.126	338.35
946.419	364.31
946.712	379.88
947.005	377.28
947.297	426.59
947.59	333.16
947.883	377.28
948.176	405.83
948.468	348.74
948.761	382.47
949.053	356.52
949.346	390.26
949.638	372.09
949.93	353.93
950.222	372.09
950.515	359.12
950.807	338.35
951.099	351.33
951.391	424
951.683	403.24
951.975	333.16
952.266	359.12
952.558	335.76
952.85	356.52
953.141	491.47
953.433	356.52
953.725	327.97
954.016	343.54
954.307	327.97
954.599	400.64
954.89	374.69
955.181	291.64
955.472	465.52
955.763	421.4
956.055	359.12
956.346	299.43
956.636	320.19
956.927	382.47
957.218	322.78
957.509	462.93
957.8	351.33
958.09	351.33
958.381	346.14
958.671	340.95
958.962	436.97
959.252	403.24
959.542	346.14
959.833	400.64
960.123	325.38
960.413	413.62
960.703	418.81
960.993	400.64
961.283	338.35
961.573	343.54
961.863	351.33
962.153	364.31
962.442	426.59
962.732	348.74
963.022	309.81
963.311	434.38
963.601	335.76
963.89	403.24
964.18	317.59
964.469	408.43
964.758	366.9
965.047	379.88
965.337	387.66
965.626	385.07
965.915	395.45
966.204	405.83
966.493	385.07
966.781	343.54
967.07	449.95
967.359	398.04
967.648	413.62
967.936	465.52
968.225	382.47
968.513	385.07
968.802	338.35
969.09	309.81
969.378	387.66
969.666	387.66
969.955	387.66
970.243	442.16
970.531	372.09
970.819	369.5
971.107	395.45
971.395	359.12
971.683	400.64
971.97	382.47
972.258	374.69
972.546	351.33
972.833	348.74
973.121	400.64
973.408	340.95
973.696	382.47
973.983	356.52
974.27	405.83
974.558	385.07
974.845	408.43
975.132	413.62
975.419	462.93
975.706	372.09
975.993	429.19
976.28	385.07
976.566	377.28
976.853	395.45
977.14	377.28
977.426	385.07
977.713	361.71
978	317.59
978.286	398.04
978.572	312.4
978.859	382.47
979.145	434.38
979.431	395.45
979.717	411.02
980.003	403.24
980.289	387.66
980.575	366.9
980.861	387.66
981.147	317.59
981.433	366.9
981.719	322.78
982.004	436.97
982.29	374.69
982.575	353.93
982.861	343.54
983.146	382.47
983.432	392.85
983.717	372.09
984.002	366.9
984.287	377.28
984.573	392.85
984.858	335.76
985.143	372.09
985.428	343.54
985.712	369.5
985.997	434.38
986.282	296.83
986.567	392.85
986.851	439.57
987.136	353.93
987.42	408.43
987.705	400.64
987.989	392.85
988.274	426.59
988.558	392.85
988.842	400.64
989.126	307.21
989.41	439.57
989.694	335.76
989.978	398.04
990.262	364.31
990.546	385.07
990.83	369.5
991.114	359.12
991.397	374.69
991.681	325.38
991.965	325.38
992.248	317.59
992.531	395.45
992.815	382.47
993.098	343.54
993.381	353.93
993.665	343.54
993.948	335.76
994.231	294.24
994.514	413.62
994.797	340.95
995.08	330.57
995.362	364.31
995.645	416.21
995.928	418.81
996.211	315
996.493	403.24
996.776	372.09
997.058	356.52
997.34	333.16
997.623	338.35
997.905	377.28
998.187	366.9
998.469	322.78
998.752	424
999.034	353.93
999.316	395.45
999.597	411.02
999.879	325.38
1000.161	392.85
1000.443	330.57
1000.725	377.28
1001.006	426.59
1001.288	447.35
1001.569	387.66
1001.851	304.62
1002.132	416.21
1002.413	434.38
1002.694	325.38
1002.976	447.35
1003.257	411.02
1003.538	398.04
1003.819	392.85
1004.1	338.35
1004.381	320.19
1004.661	302.02
1004.942	426.59
1005.223	351.33
1005.504	411.02
1005.784	434.38
1006.065	403.24
1006.345	356.52
1006.625	403.24
1006.906	348.74
1007.186	439.57
1007.466	449.95
1007.746	307.21
1008.026	320.19
1008.306	400.64
1008.586	416.21
1008.866	390.26
1009.146	400.64
1009.426	340.95
1009.706	327.97
1009.985	398.04
1010.265	379.88
1010.544	291.64
1010.824	346.14
1011.103	457.74
1011.383	411.02
1011.662	385.07
1011.941	325.38
1012.22	359.12
1012.499	346.14
1012.778	348.74
1013.057	330.57
1013.336	442.16
1013.615	312.4
1013.894	348.74
1014.173	426.59
1014.451	377.28
1014.73	385.07
1015.009	361.71
1015.287	462.93
1015.566	325.38
1015.844	379.88
1016.122	325.38
1016.4	424
1016.679	374.69
1016.957	390.26
1017.235	395.45
1017.513	364.31
1017.791	309.81
1018.069	340.95
1018.346	400.64
1018.624	372.09
1018.902	418.81
1019.179	309.81
1019.457	377.28
1019.735	385.07
1020.012	278.66
1020.289	353.93
1020.567	353.93
1020.844	353.93
